-1.50 0.35 0.15 0.35 0.00 0.15 0.35 0.00 0.00 0.15 0.00 0.00 0.00 0.00 0.00
0.00 -1.50 0.00 0.35 0.15 0.00 0.35 0.00 0.15 0.00 0.35 0.00 0.00 0.15 0.00
0.00 0.00 -1.50 0.00 0.35 0.15 0.00 0.35 0.00 0.15 0.00 0.35 0.00 0.00 0.15
0.20 0.00 0.00 -2.00 0.00 0.80 0.35 0.15 0.00 0.00 0.35 0.00 0.15 0.00 0.00
0.00 0.00 0.00 0.00 -1.00 0.00 0.00 0.35 0.15 0.00 0.00 0.35 0.00 0.15 0.00
0.35 0.00 0.00 0.35 0.00 -1.70 0.00 0.00 0.35 0.15 0.00 0.00 0.35 0.00 0.15
0.20 0.20 0.00 0.00 0.00 0.00 -2.50 0.00 0.80 0.80 0.35 0.15 0.00 0.00 0.00
0.00 0.00 0.20 0.00 0.00 0.00 0.00 -1.50 0.00 0.80 0.00 0.35 0.15 0.00 0.00
0.00 0.35 0.00 0.00 0.00 0.00 0.35 0.00 -1.20 0.00 0.00 0.00 0.35 0.15 0.00
0.35 0.00 0.35 0.00 0.00 0.00 0.35 0.35 0.00 -1.90 0.00 0.00 0.00 0.35 0.15
0.00 0.20 0.00 0.20 0.00 0.00 0.00 0.00 0.00 0.00 -2.00 0.00 0.80 0.80 0.00
0.00 0.00 0.20 0.00 0.20 0.00 0.00 0.00 0.00 0.00 0.00 -2.00 0.00 0.80 0.80
0.00 0.00 0.00 0.35 0.00 0.20 0.00 0.00 0.00 0.00 0.35 0.00 -1.70 0.00 0.80
0.00 0.35 0.00 0.00 0.35 0.00 0.00 0.00 0.00 0.00 0.35 0.35 0.00 -1.40 0.00
0.35 0.00 0.35 0.00 0.00 0.35 0.00 0.00 0.00 0.00 0.35 0.35 0.35 0.00 -2.10
