-0.75 0.10 0.15 0.10 0.00 0.15 0.10 0.00 0.00 0.15 0.00 0.00 0.00 0.00 0.00
0.00 -0.75 0.00 0.10 0.15 0.00 0.10 0.00 0.15 0.00 0.10 0.00 0.00 0.15 0.00
0.00 0.00 -0.75 0.00 0.10 0.15 0.00 0.10 0.00 0.15 0.00 0.10 0.00 0.00 0.15
0.20 0.00 0.00 -0.70 0.00 0.00 0.10 0.15 0.00 0.00 0.10 0.00 0.15 0.00 0.00
0.00 0.00 0.00 0.00 -0.50 0.00 0.00 0.10 0.15 0.00 0.00 0.10 0.00 0.15 0.00
0.21 0.00 0.00 0.35 0.00 -1.06 0.00 0.00 0.10 0.15 0.00 0.00 0.10 0.00 0.15
0.20 0.20 0.00 0.00 0.00 0.00 -0.65 0.00 0.00 0.00 0.10 0.15 0.00 0.00 0.00
0.00 0.00 0.20 0.00 0.00 0.00 0.00 -0.45 0.00 0.00 0.00 0.10 0.15 0.00 0.00
0.00 0.21 0.00 0.00 0.00 0.00 0.35 0.00 -0.81 0.00 0.00 0.00 0.10 0.15 0.00
0.21 0.00 0.21 0.00 0.00 0.00 0.35 0.35 0.00 -1.37 0.00 0.00 0.00 0.10 0.15
0.00 0.20 0.00 0.20 0.00 0.00 0.00 0.00 0.00 0.00 -0.40 0.00 0.00 0.00 0.00
0.00 0.00 0.20 0.00 0.20 0.00 0.00 0.00 0.00 0.00 0.00 -0.40 0.00 0.00 0.00
0.00 0.00 0.00 0.21 0.00 0.20 0.00 0.00 0.00 0.00 0.35 0.00 -0.76 0.00 0.00
0.00 0.21 0.00 0.00 0.21 0.00 0.00 0.00 0.00 0.00 0.35 0.35 0.00 -1.12 0.00
0.21 0.00 0.21 0.00 0.00 0.21 0.00 0.00 0.00 0.00 0.35 0.35 0.35 0.00 -1.68
